0 1 71 
1 0 2 72
2 1 3 67
3 2 66 73
4 5 6 73
5 4 7 74
6 4 7 8
7 5 6 9
8 6 9
9 7 8 12
10 11 14 74
11 12 13 10
12 9 11 13
13 12 11
14 10 15 17 75
15 14 16
16 21 15 75
17 14 18 20
18 17 19
19 18
20 17 22 76
21 76 16 77
22 20 23 36
23 22 24
24 79 23
25 79 78 69
26 78 27 30
27 26 28 31
28 29 27
29 28
30 26 31
31 27 30 32
32 31 35 33
33 32 34
34 33
35 77 32 36
36 22 35
37 38 50 69
38 40 47 37 68
39 40 41
40 39 38
41 39 42 81
42 41 43 44 
43 42
44 42 45
45 44 70
46 81 49 58
47 38 70
48 49 70
49 46 48
50 37 51
51 52 50 55
52 53 51
53 54 52
54 53
55 56 59 60
56 57 55 59
57 58 61 62
58 46 63 57
59 60 56
60 59 55 80
61 57 62
62 61
63 64 58 71
64 63 72 65
65 66 64
66 3 80 65
67 2
68 38
69 37 25
70 45 48 47
71 0 63
72 1 64
73 3 4
74 5 10
75 14 16
76 20 21
77 21 35
78 25 26
79 24 25
80 60 66
81 41 46