47.1522		229.7555
54.3246		144.0415
127.5049	147.8813
205.0515	150.8673
233.1886	144.919
376.5251	116.8151
472.2592	98.6118
509.4796	46.1783
552.6772	22.7146
573.1094	18.2518
612.9161	12.6269
638.3004	9.6604
713.2263	4.4628
735.5069	9.8845
757.257		15.6944
809.6577	19.1471
883.8472	21.5866
906.6439	46.1517
920.6681	59.0187
942.0179	95.0346
984.9203	104.6774
529.6376	98.6118
564.1839	47.7084
576.0813	43.2456
612.9161	49.0743
643.7076	97.3024
698.8278	96.8865
695.5504	60.5371
707.0213	59.0187
727.6918	59.0187
752.7942	52.3418
793.6583	63.4816
780.187		96.7802
829.2448	96.7802
869.5527	48.1478
859.1893	94.8171
872.1072	95.0346
888.3101	60.5399
920.6681	95.6653
128.5193	173.2642
238.0138	170.704
529.6376	116.4322
639.2448	118.9113
774.4339	121.969
830.6301	123.24
874.7893	129.1384
881.7666	146.4961
901.852		144.0977
965.455		150.9571
127.9606	203.2086
142.9328	204.2142
198.4483	224.0002
214.5045	217.7755
241.4949	196.4885
257.9525	192.9238
241.4949	220.8878
374.2545	224.0002
413.4398	224.0002
428.9617	224.5416
443.4482	225.0468
397.9322	192.9238
411.1326	197.2283
427.2904	193.9477
443.4482	190.3056
530.879		153.789
563.4185	155.3937
617.1611	156.8905
632.0645	150.5955
765.5081	155.0583
794.8642	160.6705
828.1056	160.6705
564.9565	173.5261
581.0683	192.0235
617.9647	195.2243
741.2228	211.8691
756.5824	191.5662
788.0295	191.5662
531.6845	188.814
571.7628	228.288
619.2161	229.4542
740.055		229.6068
792.4923	229.6068
809.4152	219.2338
828.1056	183.8812
949.3024	189.8655
969.916		203.7704
228.542		238.9946
240.6532	237.8555
286.2574	247.9282
321.5688	257.1405
372.4029	285.1949
216.4309	302.0148
219.9716	319.6765
270.1892	298.0836
270.1892	358.2224
286.2574	368.0131
335.1464	368.0131
370.9861	345.2423
486.5196	201.4344
497.1826	195.6713
520.3418	201.0372
503.3828	217.3661
510.8268	251.0747
541.8614	275.5629
570.6771	313.3354
593.5188	268.2408
837.6659	248.6732
865.6871	259.495
881.7666	280.9913
903.5608	290.1098
932.7224	213.7826
915.2486	256.3023
945.5555	230.9275
930.8015	262.8691
921.0135	297.5564
958.0791	247.0693
950.0165	269.3915
944.7768	284.1252
933.8313	300.6595
975.0736	251.3777
978.749		278.6558
980.4055	304.8223
960.6231	323.7618
816.7334	311.7677
817.8258	340.7781
829.5864	347.8622
983.2175	332.4872
37.2265		348.8354
81.6395		355.4391
84.9707		337.3799
137.9319	329.2234
122.7423	358.2224
172.3592	377.7712
33.9608		384.1832
88.5467		401.1856
120.5941	411.1411
132.8151	408.9609
155.9958	417.511
83.3934		429.9785
150.1382	440.7912
197.5908	465.5772
211.6895	447.9238
281.7946	477.0702
295.2562	464.7746
274.6521	484.7266
312.9075	484.7266
323.7647	479.5936
167.2646	473.404
195.971		478.4452
215.3877	481.533
230.3253	489.3817
234.7881	499.5187
249.7979	508.8169
324.1502	509.0569
215.3877	525.3371
227.3343	553.0967
286.2574	594.1352
297.439		583.3091
321.8332	553.0967
312.9075	598.5981
287.5479	621.5723
231.7972	578.8462
328.613		393.4427
382.5145	391.584
324.7029	423.859
361.7816	423.859
393.566		447.6906
338.7835	447.1121
399.9421	480.2638
399.9421	508.5787
399.9421	553.8234
365.0849	553.0967
361.7816	528.0847
350.5014	528.0847
398.0288	587.0013
350.5014	587.6967
349.8472	598.011
398.5545	621.2469
345.3844	621.5946
398.0288	684.4521
356.1426	684.4521
355.0642	658.9424
316.839		658.9424
309.4065	651.0296
297.439		651.0296
818.5961	374.5229
864.8691	393.8432
863.1688	409.2023
880.3315	418.5318
892.8037	421.8586
898.4284	409.0645
884.7944	401.7048
874.3435	431.8294
920.4441	394.6564
933.8313	400.8903
903.7466	439.4018
990.0835	401.9251
954.4031	407.9087
788.9772	452.954
844.3114	474.1176
863.1688	481.7863
875.2804	486.2492
884.7944	478.5805
900.3358	486.2492
911.0269	483.0434
923.5975	490.712
1002.009	516.6324
854.052		456.1355
872.7334	461.6089
829.5864	509.0503
843.6752	517.0302
822.2657	537.3865
886.0107	488.9953
874.3435	533.5813
774.5762	488.9953
780.6284	503.7828
819.2811	518.6941
776.5695	515.7168
790.3051	522.3917
751.5865	495.7018
756.9757	521.4446
736.3168	520.1797
738.2287	544.905
753.4957	534.5807
767.6438	532.9237
711.9315	507.683
714.9906	530.1178
702.4003	530.1178
702.4003	540.4421
697.1507	510.7341
688.225		522.583
676.5048	568.1736
1003.7321	532.7006
983.0636	533.5813
954.4031	526.4863
983.0636	559.2026
919.1346	546.8388
1011.1904	605.839
989.8028	605.3225
976.0107	606.2129
951.5951	586.6979
925.0143	575.2709
951.5951	596.6804
925.0143	595.6236
953.2155	609.0417
927.1081	611.4031
954.8073	634.6563
928.5911	635.8163
991.0968	643.2733
1016.3006	652.199
982.1711	657.2069
958.866		661.1071
929.2756	665.5878
916.1416	667.4577
904.5231	566.3451
870.8175	567.8489
870.2591	549.6316
773.7301	578.1602
770.1133	557.3006
777.3573	604.1276
1017.5272	666.0028
986.0312	670.0329
1020.7635	702.7223
1001.8097	706.6011
989.9727	697.3316
919.7276	700.7201
998.8985	720.5842
922.4861	726.3075
26.79		473.404
84.7481		474.2135
120.3439	507.0006
126.8059	522.2055
139.9203	513.2798
283.085		683.4025
9.4979		675.4219
68.5014		678.9899
70.2191		649.833
134.5081	651.7875
136.5099	618.9728
133.7539	683.4025
201.1881	702.5425
8.0468		729.294
147.576		743.087
148.6818	729.294
145.1123	773.8184
174.5448	746.312
174.5448	778.2813
194.8799	747.5498
192.7034	788.4371
215.2151	749.4914
212.6237	776.426
260.9287	754.2359
264.2676	712.7254
289.1242	757.8528
285.198		825.5897
233.8782	824.9309
343.0977	761.1572
398.5545	763.6767
698.6788	771.7825
925.5259	750.4768
1025.2263	742.464


