0 1 127
1 0 2
2 1 3 39
3 2 4 
4 3 5 40
5 4 6 56
6 5 7 21
7 6 8
8 7 9
9 8 10 23
10 9 11 24
11 10 25 12
12 11 28 13
13 12 14 29
14 13 15 30
15 14 16 32
16 15 17 34
17 16 18 37
18 17 19 
19 18 20 38
20 19 48 
21 6 25 41
22 23 
23 22 9
24 10
25 21 11 26 42
26 27 25 31
27 26 28
28 27 12
29 13 
30 14
31 26 33 43
32 15 
33 31 44 35
34 16 37 
35 33 36 106
36 35 37 38 45 
37 34 17 36
38 36 19 47
39 2 49 40
40 39 4 53
41 21 64 42
42 25 41 67 43
43 31 42 44 68
44 43 33 70
45 36 46 
46 45 110
47 38 
48 20 85
49 39 50 
50 49 130
51 52
52 51 55
53 40 54 55
54 53 
55 53 52 87
56 5 57 90
57 56 61 58 
58 57 59 62
59 58 63
60 61
61 60 57
62 58
63 59
64 41 65 77
65 64 66 71
66 65 67 73
67 42 66 
68 43 
69 70 76
70 69 44 83 
71 72 65
72 71 73
73 72 79 66
74 75 80 
75 74 76
76 75 69
77 78 64 100
78 77 79
79 73 78 80
80 79 81 74
81 80 82 
82 81 83
83 82 70 
84 85 
85 84 48 119
86 87 91 
87 86 55 88
88 87 89 93
89 88 90 
90 56 97 
91 92 86
92 91 
93 88 94
94 93 95
95 94 96
96 95 97 162
97 90 96 163
98 99 
99 98 100
100 99 101 77
101 100 102 
102 101 103
103 102 104 
104 103 105
105 104
106 35 123 107
107 106 108
108 107 109
109 108
110 46 111 112
111 110 
112 110 113 115 
113 112 114 
114 113 
115 112 116 119
116 115 117 120 
117 116 118
118 117
119 120 85 115 
120 119 121 116 
121 120 122 126
122 121 
123 124 106
124 123 125
125 124 126 185 193
126 121 125 196
127 0 133 128
128 129 127 131
129 128 130 
130 129 50 
131 128 132 
132 131 137
133 134 127 268
134 133 138 135
135 134 136 
136 135 137
137 136 132 139
138 134 
139 137 140 
140 139 141 148 
141 140 142 
142 141 143 144
143 142
144 142 145
145 144 146 
146 145 153 164 168
147 148 
148 147 140 149 
149 148 150 154 
150 149 151 
151 150 152
152 151 153
153 146 152 157 169
154 149 155 
155 154 156
156 155 158 
157 158 153 171
158 159 156 
159 158 160
160 159 161
161 160 
162 96 163 164
163 162 97 166
164 162 165 146 
165 164
166 163 168 167
167 166 
168 166 169 146
169 168 170 153
170 171 169 174
171 172 170 157
172 173 171
173 172
174 170 177 175
175 174 176
176 175
177 174 179 178
178 177
179 177 180 297
180 179 181 
181 182 180
182 183 181
183 182 184
184 183 
185 125 186 198
186 185 187 
187 186 188
188 187 189 192
189 188 190 
190 189 191
191 190
192 188
193 125 195 194
194 193
195 193
196 126 197 206
197 196
198 185 214 199
199 198 200 207 209
200 201 199 210 208
201 200 202 212
202 201 203 
203 202 204
204 203 205
205 204 206
206 205 196 232
207 199 
208 200
209 199 210 211
210 209 200 
211 209 
212 201 213 
213 212
214 198 215 219 
215 214 217 216
216 215 
217 215 218
218 217
219 214 225 220
220 219 221
221 220 222
222 221 223
223 222 224
224 223
225 229 219 226
226 225 227
227 226 228 
228 227
229 225 230
230 229 231
231 230 298
232 206 233 237 
233 232 234 235
234 233
235 233 236 
236 235
237 232 238 249 
238 239 237 248
239 240 238 250
240 242 241 239
241 243 240 
242 243 244 240 
243 241 245 242
244 242 245 246
245 243 247 244
246 244 247 251 
247 245 246 252
248 238
249 237 260 250
250 249 251 239 
251 250 246 252 
252 253 251 247
253 254 265 
254 255 253
255 256 254 257 
256 255
257 258 259 255
258 257
259 257
260 249 261 262 
261 260 
262 263 260 300
263 262 264 266 
264 265 263 
265 264 267 253  
266 263 267
267 265 266 299
268 269 133 274
269 268 270
270 269 271 
271 270 272 273
272 271
273 271 296 
274 268 275 281 
275 274 276 279
276 275 277 
277 276 278 279
278 277
279 277 280 275
280 279 287
281 274 282 
282 281 283 284 285
283 282 
284 282
285 282 286 287 
286 285 288
287 280 289 285 
288 286 290
289 287 290 291
290 289 288
291 289 293 292 
292 291 
293 291 294 296
294 295 293
295 294 
296 273 293 297 
297 179 296 298 
298 297 299 231
299 298 300
300 299 262
